SRD-BTC:0.0000000000
DOLLARS:0.0000000000
